0 0.458854 0.457986 0.097917 0.065972
0 0.616667 0.451389 0.113542 0.095833
1 0.600781 0.339931 0.040104 0.067361
1 0.378125 0.377431 0.045833 0.071528
3 0.091406 0.496181 0.082812 0.077083
3 0.040365 0.736458 0.057813 0.034028
3 0.061719 0.873611 0.038021 0.069444
3 0.088281 0.764931 0.059896 0.032639
3 0.148958 0.848958 0.084375 0.072917
3 0.326823 0.845139 0.063021 0.041667
3 0.524740 0.677431 0.035937 0.027083
3 0.741406 0.615972 0.043229 0.066667
3 0.854948 0.629167 0.061979 0.056944
3 0.964323 0.614931 0.051562 0.042361
3 0.554688 0.694444 0.038542 0.045833
3 0.406250 0.677778 0.046875 0.055556
3 0.367708 0.606250 0.022917 0.036111
3 0.348958 0.598264 0.023958 0.035417
3 0.299740 0.910764 0.059896 0.046528
3 0.531771 0.970486 0.056250 0.042361
3 0.633594 0.922917 0.057813 0.061111
3 0.976042 0.880903 0.047917 0.085417
3 0.850521 0.346875 0.038542 0.057639
3 0.944010 0.397917 0.032813 0.043056
3 0.816146 0.202778 0.023958 0.022222
3 0.279948 0.155208 0.031771 0.034028
3 0.321615 0.206944 0.030729 0.031944
3 0.255208 0.275347 0.033333 0.034028
3 0.513021 0.195833 0.031250 0.031944
3 0.500781 0.235764 0.027604 0.034028
3 0.236458 0.410764 0.039583 0.032639
3 0.652604 0.694792 0.041667 0.045139
3 0.272396 0.978819 0.060417 0.042361
3 0.236979 0.201389 0.028125 0.023611
3 0.700781 0.050347 0.022396 0.031250
3 0.896094 0.118056 0.040104 0.038889
3 0.853646 0.251042 0.035417 0.031250
3 0.384896 0.127778 0.029167 0.047222
