0 0.700060 0.613931 0.134764 0.122030
0 0.455874 0.772678 0.097197 0.076674
1 0.078414 0.413067 0.099583 0.091793
1 0.324985 0.690605 0.077519 0.044276
1 0.189624 0.735421 0.045319 0.051836
1 0.533095 0.940605 0.029815 0.028078
0 0.445140 0.408747 0.085271 0.083153
1 0.678295 0.269438 0.049493 0.048596
0 0.658318 0.116631 0.075134 0.114471
1 0.742397 0.173326 0.064401 0.089633
0 0.730471 0.090173 0.076327 0.109071
0 0.863447 0.113391 0.071556 0.071274
0 0.816041 0.163607 0.050686 0.050756
0 0.314848 0.195464 0.125224 0.086393
0 0.223017 0.134989 0.146691 0.138229
1 0.356291 0.076674 0.060227 0.060475
0 0.315742 0.051296 0.038760 0.039957
0 0.080203 0.223002 0.100775 0.098272
1 0.172630 0.238121 0.105546 0.091793
1 0.025641 0.491901 0.050089 0.024838
0 0.178593 0.495680 0.107931 0.075594
1 0.259094 0.421166 0.048301 0.045356
2 0.567979 0.537257 0.033989 0.033477
2 0.777281 0.479482 0.014908 0.030238
