1 0.479687 0.565972 0.051042 0.120833
3 0.620573 0.607292 0.033854 0.077083
3 0.773177 0.522917 0.029687 0.043056
3 0.901042 0.875000 0.043750 0.088889
3 0.875781 0.515278 0.039062 0.055556
3 0.938281 0.492014 0.027604 0.045139
3 0.793490 0.317361 0.029687 0.052778
3 0.742448 0.411806 0.033854 0.034722
3 0.645052 0.428472 0.042188 0.037500
3 0.513542 0.361458 0.025000 0.049306
3 0.263281 0.664236 0.052604 0.057639
3 0.277604 0.789583 0.065625 0.058333
3 0.316406 0.873958 0.035937 0.074306
3 0.416927 0.701389 0.049479 0.048611
3 0.479687 0.867708 0.027083 0.079861
3 0.438802 0.977431 0.060937 0.045139
3 0.069792 0.973958 0.040625 0.052083
3 0.239063 0.454861 0.053125 0.023611
3 0.250000 0.481250 0.026042 0.043056
3 0.092188 0.281944 0.039583 0.022222
3 0.102865 0.309375 0.040104 0.029861
3 0.146615 0.276042 0.026562 0.061806
3 0.160156 0.370139 0.053646 0.036111
3 0.223438 0.299653 0.042708 0.036806
3 0.285156 0.172569 0.041146 0.036806
3 0.177083 0.159375 0.037500 0.035417
3 0.296094 0.119097 0.036979 0.029861
3 0.386979 0.051389 0.026042 0.030556
3 0.384635 0.134028 0.029687 0.044444
3 0.658073 0.267708 0.046354 0.034028
3 0.412760 0.286806 0.047396 0.040278
3 0.447656 0.298264 0.033854 0.024306
3 0.432292 0.242708 0.036458 0.039583
3 0.520052 0.190972 0.032813 0.023611
3 0.493229 0.200000 0.033333 0.031944
3 0.040885 0.814236 0.034896 0.047917
3 0.040365 0.593056 0.052604 0.050000
3 0.523438 0.917014 0.031250 0.032639
3 0.593490 0.747917 0.028646 0.050000
3 0.678906 0.689583 0.026562 0.068056
3 0.500000 0.686458 0.042708 0.057639
3 0.776823 0.562500 0.030729 0.047222
3 0.822917 0.450000 0.054167 0.055556
3 0.828906 0.384028 0.022396 0.062500
3 0.865625 0.341319 0.056250 0.038194
3 0.968229 0.160069 0.051042 0.039583
3 0.930990 0.118750 0.042188 0.029167
3 0.899740 0.088194 0.035937 0.036111
3 0.870052 0.092361 0.029687 0.031944
3 0.846615 0.132292 0.022396 0.035417
3 0.742188 0.197569 0.048958 0.031250
3 0.661198 0.222917 0.032813 0.031944
3 0.331771 0.961458 0.028125 0.043750
3 0.576562 0.297222 0.038542 0.050000
