3 0.403385 0.411111 0.054688 0.055556
3 0.524479 0.401042 0.035417 0.034028
3 0.944271 0.857639 0.067708 0.073611
3 0.913802 0.686458 0.048438 0.072917
3 0.795833 0.784722 0.069792 0.058333
3 0.244010 0.677431 0.051562 0.032639
3 0.230469 0.480903 0.036979 0.054861
3 0.413802 0.325347 0.040104 0.061806
3 0.598698 0.406597 0.029687 0.046528
3 0.688542 0.312153 0.035417 0.035417
3 0.788021 0.250347 0.036458 0.029861
3 0.956771 0.198611 0.060417 0.054167
3 0.934896 0.292014 0.130208 0.140972
3 0.036719 0.072917 0.026562 0.027778
3 0.224740 0.352431 0.066146 0.047917
3 0.107031 0.686806 0.046354 0.065278
3 0.053646 0.579514 0.039583 0.061806
3 0.487500 0.600694 0.038542 0.059722
3 0.542188 0.533681 0.032292 0.040972
3 0.665104 0.486458 0.031250 0.053472
3 0.752865 0.473958 0.028646 0.052083
3 0.884375 0.396875 0.035417 0.036806
3 0.371615 0.584722 0.050521 0.055556
3 0.417708 0.485417 0.038542 0.051389
3 0.352344 0.019792 0.043229 0.029861
3 0.148698 0.159375 0.036979 0.052083
3 0.104688 0.165625 0.041667 0.060417
3 0.044010 0.228472 0.050521 0.069444
3 0.222656 0.139931 0.026562 0.032639
3 0.262240 0.103472 0.019271 0.037500
3 0.266927 0.127083 0.032813 0.033333
3 0.200781 0.069097 0.027604 0.029861
3 0.680469 0.163889 0.019271 0.040278
3 0.851823 0.118750 0.050521 0.054167
3 0.608073 0.073958 0.035937 0.035417
3 0.429167 0.175347 0.044792 0.056250
3 0.262240 0.216667 0.046354 0.027778
3 0.149740 0.411458 0.023438 0.020139
