0 0.466406 0.448264 0.106771 0.081250
0 0.621615 0.449653 0.098437 0.079861
1 0.609635 0.328472 0.044271 0.076389
1 0.398438 0.374653 0.038542 0.061806
3 0.415365 0.668403 0.030729 0.049306
3 0.535156 0.669444 0.041146 0.027778
3 0.747917 0.592014 0.038542 0.056250
3 0.864844 0.614583 0.040104 0.045833
3 0.970573 0.595139 0.058854 0.052778
3 0.644531 0.908681 0.051562 0.061806
3 0.535677 0.959028 0.046354 0.040278
3 0.583333 0.976042 0.048958 0.034028
3 0.310937 0.904861 0.042708 0.045833
3 0.331250 0.835417 0.032292 0.033333
3 0.375781 0.597569 0.045312 0.045139
3 0.570833 0.533681 0.035417 0.040972
3 0.565885 0.686111 0.043229 0.037500
3 0.660417 0.681944 0.052083 0.051389
3 0.136979 0.836111 0.026042 0.072222
3 0.171875 0.850347 0.057292 0.054861
3 0.020313 0.957292 0.030208 0.046528
3 0.070833 0.868056 0.029167 0.055556
3 0.049479 0.727431 0.038542 0.035417
3 0.132031 0.640972 0.032813 0.030556
3 0.111458 0.502083 0.048958 0.037500
3 0.285677 0.146875 0.027604 0.029861
3 0.327344 0.201389 0.038021 0.031944
3 0.532031 0.174306 0.157812 0.097222
3 0.712760 0.095139 0.190104 0.108333
3 0.863281 0.232292 0.036979 0.017361
3 0.866927 0.489583 0.035937 0.045833
3 0.745313 0.459028 0.052083 0.040278
3 0.858073 0.324306 0.039062 0.043056
3 0.959635 0.378125 0.036979 0.032639
3 0.285156 0.974653 0.044271 0.050694
3 0.260417 0.822917 0.042708 0.031944
