0 0.470833 0.520833 0.116667 0.087500
1 0.475521 0.622917 0.057292 0.112500
2 0.554688 0.558681 0.069792 0.079861
3 0.280990 0.866667 0.075521 0.045833
3 0.319010 0.951736 0.053646 0.095139
3 0.420833 0.768056 0.055208 0.056944
3 0.261979 0.740278 0.055208 0.081944
3 0.595833 0.802431 0.032292 0.067361
3 0.675000 0.741667 0.038542 0.077778
3 0.828906 0.839236 0.058854 0.038194
3 0.972917 0.976389 0.054167 0.047222
3 0.885677 0.532639 0.033854 0.048611
3 0.891406 0.560069 0.043229 0.035417
3 0.779948 0.359028 0.033854 0.058333
3 0.856250 0.377778 0.056250 0.044444
3 0.808594 0.421528 0.032813 0.047222
3 0.789062 0.528472 0.059375 0.040278
3 0.774219 0.589236 0.047396 0.060417
3 0.729948 0.460069 0.041146 0.040972
3 0.643750 0.480208 0.044792 0.034028
3 0.642969 0.321181 0.057813 0.049306
3 0.947917 0.197569 0.052083 0.039583
3 0.914323 0.154167 0.047396 0.055556
3 0.877344 0.135764 0.047396 0.054861
3 0.834896 0.160764 0.031250 0.070139
3 0.727865 0.244792 0.049479 0.052083
3 0.243490 0.541319 0.056771 0.081250
3 0.427344 0.358681 0.099479 0.067361
3 0.101042 0.371875 0.060417 0.067361
