2 0.482292 0.437153 0.085417 0.090972
3 0.246354 0.657986 0.067708 0.082639
3 0.414583 0.680556 0.068750 0.048611
3 0.498437 0.641319 0.040625 0.067361
3 0.592448 0.688194 0.031771 0.056944
3 0.900521 0.776736 0.061458 0.106250
3 0.975000 0.900000 0.050000 0.087500
3 0.849219 0.944444 0.068229 0.062500
3 0.466406 0.954514 0.065104 0.065972
3 0.494271 0.830556 0.045833 0.063889
3 0.326823 0.849653 0.035937 0.089583
3 0.280208 0.779861 0.072917 0.054167
3 0.200000 0.446181 0.053125 0.038194
3 0.748958 0.227083 0.038542 0.059722
3 0.894010 0.352083 0.060937 0.048611
3 0.904948 0.392014 0.049479 0.050694
3 0.983333 0.355208 0.033333 0.057639
3 0.609115 0.204514 0.056771 0.046528
3 0.024740 0.290972 0.038021 0.063889
3 0.098958 0.372569 0.051042 0.043750
3 0.212500 0.137500 0.028125 0.047222
3 0.234896 0.131944 0.028125 0.043056
3 0.747656 0.461111 0.045312 0.079167
3 0.722135 0.328472 0.047396 0.036111
3 0.611979 0.368056 0.031250 0.043056
3 0.471354 0.314931 0.048958 0.047917
3 0.358333 0.243056 0.048958 0.040278
3 0.668490 0.627778 0.053646 0.070833
3 0.602083 0.548958 0.044792 0.071528
3 0.032292 0.850347 0.047917 0.056250
3 0.576302 0.434375 0.056771 0.057639
