0 0.434635 0.493750 0.097396 0.065278
0 0.593750 0.487153 0.103125 0.082639
3 0.720573 0.641319 0.043229 0.053472
2 0.477344 0.418403 0.056771 0.049306
1 0.532031 0.397569 0.063021 0.063194
1 0.579167 0.377778 0.041667 0.070833
3 0.335417 0.644792 0.053125 0.060417
3 0.539583 0.579167 0.041667 0.065278
3 0.934115 0.642708 0.071354 0.042361
3 0.972656 0.906597 0.054688 0.074306
3 0.832552 0.659375 0.059896 0.059028
3 0.297656 0.888889 0.045312 0.030556
3 0.273438 0.959375 0.065625 0.054861
3 0.144271 0.914931 0.084375 0.072917
3 0.058854 0.805903 0.041667 0.081250
3 0.080208 0.545139 0.039583 0.031944
3 0.381250 0.713542 0.041667 0.052083
3 0.314583 0.739583 0.031250 0.022222
3 0.259896 0.199653 0.032292 0.035417
3 0.299740 0.253125 0.045312 0.035417
3 0.621354 0.968056 0.080208 0.050000
3 0.635156 0.727083 0.054688 0.047222
3 0.502344 0.714583 0.050521 0.029167
3 0.542448 0.736111 0.050521 0.041667
3 0.017969 0.928125 0.034896 0.077083
3 0.011719 0.782639 0.022396 0.051389
3 0.828906 0.534028 0.052604 0.041667
3 0.816667 0.382639 0.031250 0.045833
3 0.913281 0.430556 0.035937 0.033333
3 0.823698 0.292014 0.041146 0.025694
3 0.654167 0.350347 0.035417 0.032639
