1 0.495312 0.603472 0.052083 0.054167
1 0.415885 0.677431 0.053646 0.047917
3 0.848177 0.710069 0.064062 0.040972
3 0.927865 0.743750 0.044271 0.061111
3 0.888021 0.911111 0.059375 0.069444
3 0.967448 0.773611 0.047396 0.052778
3 0.812500 0.848958 0.043750 0.068750
3 0.726302 0.821875 0.072396 0.071528
3 0.654687 0.724306 0.037500 0.048611
3 0.528906 0.893403 0.047396 0.047917
3 0.368229 0.870486 0.078125 0.047917
3 0.371354 0.918750 0.057292 0.076389
3 0.668229 0.973264 0.058333 0.052083
3 0.810677 0.970139 0.071354 0.058333
3 0.614062 0.551736 0.059375 0.040972
3 0.272135 0.912153 0.067187 0.047917
3 0.252865 0.815278 0.033854 0.058333
3 0.166406 0.846181 0.070312 0.036806
3 0.160417 0.930556 0.041667 0.080556
3 0.063802 0.941319 0.067187 0.050694
3 0.134635 0.619444 0.042188 0.033333
3 0.206510 0.693403 0.057813 0.054861
3 0.274479 0.687500 0.054167 0.034722
3 0.294792 0.770833 0.034375 0.031944
3 0.827865 0.512153 0.053646 0.042361
3 0.738802 0.620833 0.053646 0.052778
3 0.682292 0.614236 0.023958 0.050694
3 0.560677 0.677431 0.043229 0.031250
3 0.612500 0.705208 0.033333 0.028472
3 0.163802 0.493056 0.091146 0.108333
3 0.150260 0.657639 0.049479 0.062500
3 0.201042 0.634722 0.045833 0.069444
3 0.056510 0.570833 0.022396 0.036111
3 0.312500 0.846528 0.060417 0.059722
3 0.688542 0.539931 0.068750 0.068750
3 0.966927 0.557639 0.066146 0.056944
3 0.824219 0.622222 0.031771 0.044444
3 0.965104 0.501389 0.029167 0.036111
3 0.729167 0.446528 0.135417 0.104167
3 0.807292 0.296875 0.046875 0.039583
3 0.319271 0.725000 0.032292 0.027778
