0 0.494271 0.448264 0.093750 0.068750
0 0.649740 0.460069 0.102604 0.085417
2 0.534375 0.382986 0.069792 0.068750
1 0.638542 0.338889 0.031250 0.065278
3 0.781250 0.612153 0.029167 0.071528
3 0.588542 0.694444 0.050000 0.048611
3 0.682292 0.701042 0.032292 0.043750
3 0.347917 0.839236 0.041667 0.029861
3 0.326562 0.909028 0.036458 0.045833
3 0.302865 0.971875 0.034896 0.056250
3 0.158073 0.832292 0.043229 0.086806
3 0.203125 0.859375 0.046875 0.077083
3 0.281510 0.822917 0.022396 0.037500
3 0.077083 0.706597 0.058333 0.049306
3 0.095052 0.852778 0.040104 0.069444
3 0.124219 0.752431 0.032813 0.071528
3 0.036719 0.944792 0.035937 0.061806
3 0.083594 0.975000 0.028646 0.050000
3 0.403385 0.603125 0.046354 0.064583
3 0.442708 0.673264 0.043750 0.067361
3 0.371094 0.690625 0.035937 0.036806
3 0.557292 0.971181 0.038542 0.050694
3 0.321094 0.155556 0.019271 0.040278
3 0.359115 0.205556 0.039062 0.031944
3 0.396354 0.178472 0.023958 0.025000
3 0.538281 0.217708 0.022396 0.025694
3 0.558073 0.198611 0.033854 0.030556
3 0.659115 0.160069 0.027604 0.039583
3 0.897135 0.637153 0.054688 0.077083
3 0.899479 0.518056 0.041667 0.026389
3 0.898177 0.350000 0.042188 0.047222
3 0.902083 0.254861 0.034375 0.040278
3 0.875260 0.205556 0.046354 0.031944
3 0.987500 0.613889 0.025000 0.055556
3 0.662760 0.932639 0.041146 0.048611
3 0.631510 0.825000 0.032813 0.061111
3 0.555469 0.676736 0.050521 0.036806
3 0.132552 0.479514 0.072396 0.059028
3 0.329688 0.383333 0.032292 0.033333
3 0.411458 0.421528 0.041667 0.038889
