3 0.682813 0.755556 0.042708 0.077778
3 0.743490 0.909722 0.044271 0.080556
3 0.830990 0.907986 0.063021 0.071528
3 0.596875 0.906944 0.066667 0.058333
3 0.425521 0.655903 0.040625 0.054861
3 0.348698 0.609028 0.039062 0.050000
3 0.275260 0.624306 0.052604 0.040278
3 0.140365 0.591319 0.047396 0.057639
3 0.136198 0.690278 0.053646 0.058333
3 0.166146 0.763889 0.041667 0.065278
3 0.263542 0.866319 0.048958 0.082639
3 0.310677 0.756944 0.032813 0.068056
3 0.632292 0.319097 0.045833 0.034028
3 0.704688 0.334375 0.047917 0.031250
3 0.671094 0.377431 0.033854 0.039583
3 0.609375 0.388889 0.046875 0.022222
3 0.653125 0.425694 0.037500 0.031944
3 0.605469 0.497569 0.033854 0.061806
3 0.759115 0.460069 0.030729 0.042361
3 0.723958 0.450694 0.032292 0.022222
3 0.823177 0.189583 0.043229 0.036111
3 0.791406 0.153125 0.046354 0.038194
3 0.036458 0.294792 0.047917 0.054861
3 0.134635 0.903819 0.035937 0.054861
3 0.120313 0.178819 0.034375 0.042361
3 0.527604 0.271181 0.057292 0.043750
3 0.729948 0.126042 0.038021 0.039583
3 0.490104 0.041667 0.059375 0.056944
