3 0.459722 0.568229 0.077778 0.033333
3 0.675347 0.668229 0.084028 0.047917
3 0.853125 0.859896 0.077083 0.051042
3 0.797222 0.953646 0.088889 0.055208
3 0.921875 0.967708 0.097917 0.064583
3 0.682292 0.942448 0.086806 0.071354
3 0.721528 0.920573 0.070833 0.070312
3 0.581597 0.955990 0.089583 0.073438
3 0.522569 0.834635 0.103472 0.033854
3 0.586111 0.776042 0.072222 0.030208
3 0.550000 0.736198 0.073611 0.026562
3 0.569097 0.704427 0.049306 0.024479
3 0.552083 0.890365 0.086111 0.041146
3 0.302778 0.937240 0.077778 0.081771
3 0.312500 0.892969 0.055556 0.048438
3 0.227778 0.737240 0.066667 0.030729
3 0.288542 0.763802 0.117361 0.032813
3 0.710069 0.519271 0.059028 0.037500
3 0.838194 0.676042 0.080556 0.034375
3 0.925694 0.771094 0.059722 0.034896
3 0.745486 0.709115 0.061806 0.031771
3 0.137500 0.825260 0.076389 0.026562
3 0.194097 0.837240 0.090972 0.022396
3 0.292708 0.520573 0.063194 0.024479
3 0.452778 0.641146 0.080556 0.051042
3 0.646181 0.566406 0.050694 0.025521
3 0.475347 0.516667 0.046528 0.032292
3 0.940972 0.489063 0.054167 0.032292
3 0.189931 0.500781 0.099306 0.068229
3 0.049306 0.628906 0.065278 0.026562
3 0.188542 0.906771 0.088194 0.046875
3 0.384722 0.972917 0.077778 0.054167
3 0.547917 0.665885 0.072222 0.028646
3 0.346528 0.552344 0.066667 0.028646
3 0.248611 0.319010 0.050000 0.021354
3 0.345139 0.390104 0.075000 0.036458
3 0.308333 0.440104 0.069444 0.030208
3 0.503819 0.433073 0.046528 0.028646
3 0.674653 0.362240 0.034028 0.028646
3 0.736458 0.358594 0.046528 0.024479
3 0.744792 0.483073 0.049306 0.032813
3 0.817708 0.416406 0.050694 0.028646
3 0.715625 0.415625 0.059028 0.034375
3 0.068750 0.417969 0.055556 0.023438
3 0.206944 0.400260 0.059722 0.024479
3 0.644097 0.529948 0.063194 0.032813
