0 0.453125 0.616319 0.112500 0.103472
1 0.598698 0.569444 0.077604 0.094444
1 0.485156 0.705208 0.073438 0.071528
2 0.541667 0.653819 0.078125 0.078472
3 0.575260 0.930556 0.045312 0.077778
3 0.594531 0.785069 0.042188 0.059028
3 0.476302 0.850694 0.051562 0.083333
3 0.380208 0.878819 0.075000 0.057639
3 0.210677 0.838542 0.063021 0.075694
3 0.231510 0.965278 0.095312 0.066667
3 0.771875 0.476042 0.047917 0.064583
3 0.942969 0.338889 0.053646 0.033333
3 0.755990 0.548958 0.031771 0.043750
3 0.777083 0.694444 0.062500 0.048611
3 0.863802 0.510069 0.103646 0.065972
3 0.830469 0.757986 0.052604 0.036806
3 0.826562 0.976389 0.089583 0.047222
3 0.084375 0.444444 0.043750 0.045833
3 0.134635 0.439583 0.032813 0.036111
3 0.290104 0.332986 0.067708 0.034028
3 0.172656 0.316319 0.038021 0.024306
3 0.872917 0.270139 0.032292 0.029167
3 0.907813 0.296528 0.055208 0.031944
3 0.957552 0.269792 0.034896 0.036806
3 0.837240 0.266667 0.032813 0.040278
3 0.726042 0.356944 0.064583 0.058333
3 0.639062 0.433333 0.067708 0.055556
3 0.210677 0.604167 0.047396 0.040278
3 0.219531 0.639583 0.044271 0.040278
3 0.433854 0.450694 0.032292 0.037500
3 0.561198 0.463542 0.025521 0.035417
3 0.720052 0.572222 0.043229 0.043056
3 0.663021 0.623958 0.068750 0.050694
3 0.505990 0.353125 0.040104 0.017361
3 0.559375 0.162153 0.055208 0.053472
3 0.292187 0.287153 0.038542 0.025694
3 0.373958 0.301389 0.041667 0.037500
3 0.383333 0.231250 0.029167 0.019444
3 0.441406 0.248264 0.035937 0.025694
