1 0.467187 0.480556 0.084375 0.111111
1 0.576302 0.373611 0.089063 0.087500
0 0.469792 0.378125 0.128125 0.086806
3 0.196875 0.688889 0.086458 0.065278
3 0.227604 0.796181 0.045833 0.085417
3 0.376563 0.623958 0.066667 0.050694
3 0.477604 0.618056 0.043750 0.059722
3 0.622135 0.538542 0.040104 0.071528
3 0.591146 0.694444 0.034375 0.066667
3 0.688021 0.645486 0.032292 0.075694
3 0.813281 0.505903 0.047396 0.089583
3 0.835417 0.280556 0.044792 0.063889
3 0.974219 0.878819 0.051562 0.129861
3 0.366146 0.960764 0.067708 0.078472
3 0.867188 0.345486 0.023958 0.042361
3 0.062760 0.174306 0.057813 0.050000
3 0.190625 0.548611 0.061458 0.079167
3 0.232031 0.902778 0.034896 0.041667
3 0.434375 0.820486 0.045833 0.084028
3 0.939323 0.487847 0.029687 0.068750
3 0.921875 0.315972 0.080208 0.055556
3 0.943229 0.098958 0.028125 0.038194
3 0.977865 0.126042 0.044271 0.032639
3 0.776042 0.164931 0.044792 0.038194
3 0.683594 0.220139 0.047396 0.050000
3 0.772135 0.363194 0.043229 0.045833
3 0.831510 0.440625 0.053646 0.046528
3 0.864583 0.392361 0.039583 0.045833
3 0.659115 0.369097 0.036979 0.038194
3 0.188542 0.977778 0.027083 0.041667
