3 0.076736 0.747917 0.102083 0.033333
3 0.590972 0.917448 0.068056 0.061979
3 0.672569 0.942448 0.092361 0.043229
3 0.786806 0.964583 0.068056 0.060417
3 0.722222 0.851042 0.069444 0.039583
3 0.902778 0.769792 0.065278 0.042708
3 0.794444 0.763802 0.061111 0.039062
3 0.701042 0.673958 0.046528 0.032292
3 0.558333 0.661198 0.090278 0.048438
3 0.616667 0.703906 0.070833 0.015104
3 0.444444 0.703385 0.052778 0.024479
3 0.424306 0.735156 0.063889 0.036979
3 0.471875 0.782552 0.088194 0.025521
3 0.382292 0.839323 0.079861 0.032813
3 0.459722 0.952865 0.080556 0.075521
3 0.431250 0.892188 0.097222 0.037500
3 0.147917 0.951302 0.072222 0.064062
3 0.221181 0.987500 0.090972 0.025000
3 0.038542 0.860417 0.075694 0.037500
3 0.033681 0.925781 0.065972 0.025521
3 0.325000 0.568750 0.072222 0.034375
3 0.313194 0.645833 0.062500 0.019792
3 0.425347 0.669010 0.090972 0.032813
3 0.154514 0.522135 0.077083 0.029687
3 0.808681 0.495573 0.038194 0.027604
3 0.874653 0.456510 0.042361 0.036979
3 0.687847 0.422135 0.038194 0.033854
3 0.419444 0.364844 0.051389 0.025521
3 0.368750 0.435937 0.070833 0.032292
3 0.587500 0.424740 0.058333 0.034896
3 0.581944 0.520573 0.055556 0.032813
3 0.523958 0.532552 0.038194 0.025521
3 0.129514 0.774740 0.092361 0.027604
3 0.059375 0.525260 0.053472 0.031771
3 0.159028 0.433594 0.068056 0.033854
3 0.192708 0.387500 0.061806 0.029167
3 0.548264 0.371615 0.047917 0.020313
3 0.527431 0.309375 0.039583 0.020833
3 0.095486 0.308594 0.040972 0.026562
3 0.117708 0.607031 0.079861 0.031771
