1 0.499740 0.562500 0.049479 0.104167
3 0.796875 0.531944 0.030208 0.030556
3 0.905469 0.525694 0.047396 0.054167
3 0.933073 0.888542 0.040104 0.100694
3 0.491927 0.881250 0.035937 0.065278
3 0.612760 0.752083 0.025521 0.061111
3 0.700000 0.699306 0.030208 0.066667
3 0.292187 0.784722 0.068750 0.075000
3 0.331771 0.879514 0.042708 0.090972
3 0.431250 0.704167 0.055208 0.041667
3 0.520052 0.690625 0.029687 0.064583
3 0.447917 0.978819 0.048958 0.042361
3 0.252083 0.451042 0.047917 0.031250
3 0.116667 0.292014 0.056250 0.065972
3 0.195833 0.158333 0.051042 0.022222
3 0.312760 0.122917 0.049479 0.025000
3 0.409896 0.054861 0.041667 0.031944
3 0.682813 0.268056 0.061458 0.045833
3 0.666667 0.426389 0.040625 0.061111
3 0.637760 0.605556 0.050521 0.073611
3 0.613021 0.495833 0.069792 0.087500
3 0.076563 0.978819 0.041667 0.042361
3 0.270573 0.657292 0.049479 0.065972
3 0.056510 0.590972 0.055729 0.045833
3 0.034115 0.448611 0.046354 0.061111
3 0.174740 0.368056 0.047396 0.030556
3 0.239583 0.301042 0.048958 0.035417
3 0.302604 0.172222 0.035417 0.033333
3 0.327344 0.166667 0.028646 0.033333
3 0.419531 0.283681 0.048438 0.042361
