3 0.616927 0.465972 0.041146 0.037500
3 0.716146 0.595139 0.048958 0.048611
3 0.797917 0.573611 0.034375 0.045833
3 0.910937 0.583333 0.048958 0.066667
3 0.675000 0.919444 0.051042 0.047222
3 0.735417 0.910417 0.045833 0.061111
3 0.409635 0.855556 0.056771 0.037500
3 0.500521 0.790625 0.065625 0.078472
3 0.415365 0.666667 0.026562 0.052778
3 0.526302 0.531250 0.056771 0.031944
3 0.541667 0.597222 0.042708 0.038889
3 0.488021 0.552083 0.034375 0.027778
3 0.654948 0.554514 0.036979 0.039583
3 0.633854 0.591319 0.037500 0.046528
3 0.659115 0.641667 0.043229 0.043056
3 0.624219 0.676389 0.029687 0.054167
3 0.455469 0.397569 0.027604 0.035417
3 0.377865 0.553125 0.048438 0.113194
