0 0.441927 0.639236 0.117188 0.085417
1 0.581250 0.604514 0.044792 0.090972
1 0.523698 0.621528 0.081771 0.037500
2 0.523958 0.695486 0.096875 0.088194
1 0.469531 0.731250 0.068229 0.066667
3 0.184115 0.841319 0.047396 0.068750
3 0.356250 0.903125 0.071875 0.049306
3 0.451562 0.885069 0.047917 0.057639
3 0.579427 0.818403 0.047396 0.075694
3 0.548958 0.968750 0.055208 0.062500
3 0.640625 0.912847 0.057292 0.074306
3 0.749219 0.738889 0.041146 0.038889
3 0.812500 0.806597 0.054167 0.039583
3 0.748437 0.777778 0.046875 0.045833
3 0.789844 0.590972 0.032813 0.061111
3 0.837500 0.551389 0.052083 0.045833
3 0.934635 0.395833 0.051562 0.048611
3 0.766146 0.526736 0.048958 0.046528
3 0.627865 0.464583 0.051562 0.054167
3 0.549740 0.496181 0.053646 0.042361
3 0.479167 0.543056 0.054167 0.059722
3 0.198698 0.973611 0.069271 0.052778
3 0.198958 0.617014 0.056250 0.029861
3 0.196354 0.642014 0.037500 0.043750
3 0.424219 0.479861 0.034896 0.029167
3 0.503125 0.386806 0.048958 0.037500
3 0.713802 0.408681 0.047396 0.038194
3 0.863802 0.325347 0.038021 0.045139
3 0.896615 0.354861 0.045312 0.033333
3 0.890104 0.271181 0.021875 0.031250
3 0.816927 0.356250 0.038021 0.045833
3 0.742969 0.598264 0.035937 0.052083
3 0.716927 0.632986 0.057813 0.038194
3 0.077344 0.445486 0.057813 0.052083
3 0.121354 0.439583 0.038542 0.031944
3 0.165625 0.323611 0.038542 0.033333
3 0.287240 0.304514 0.045312 0.031250
3 0.273958 0.352431 0.040625 0.027083
3 0.297656 0.349306 0.022396 0.050000
3 0.386719 0.252431 0.036979 0.039583
3 0.556771 0.199653 0.079167 0.054861
3 0.725260 0.103819 0.089063 0.086806
3 0.797656 0.050000 0.073438 0.073611
3 0.502604 0.141667 0.023958 0.018056
3 0.621615 0.193403 0.021354 0.031250
3 0.120313 0.525000 0.055208 0.044444
3 0.196354 0.461806 0.046875 0.031944
3 0.282552 0.539931 0.067187 0.042361
3 0.172917 0.592361 0.052083 0.034722
3 0.194010 0.610417 0.063021 0.031944
3 0.383073 0.466319 0.047396 0.049306
3 0.762500 0.701042 0.062500 0.039583
