3 0.569531 0.681597 0.064062 0.043750
3 0.558073 0.769097 0.045312 0.063194
3 0.597396 0.791667 0.029167 0.058333
3 0.657031 0.733681 0.048438 0.043750
3 0.739323 0.618056 0.025521 0.048611
3 0.766406 0.646528 0.038021 0.041667
3 0.809375 0.860764 0.084375 0.057639
3 0.901563 0.962500 0.056250 0.075000
3 0.863802 0.888889 0.041146 0.062500
3 0.098958 0.793750 0.044792 0.058333
3 0.138021 0.973264 0.080208 0.050694
3 0.309635 0.635069 0.046354 0.046528
3 0.350521 0.561806 0.044792 0.056944
3 0.440625 0.536806 0.028125 0.044444
3 0.555469 0.527778 0.029687 0.045833
3 0.501042 0.685069 0.065625 0.085417
3 0.464844 0.718403 0.047396 0.042361
3 0.447656 0.814583 0.060937 0.066667
3 0.409115 0.717708 0.048438 0.025694
3 0.588281 0.355903 0.044271 0.059028
3 0.600521 0.320833 0.038542 0.055556
3 0.652604 0.305208 0.051042 0.045139
3 0.649740 0.328472 0.063021 0.038889
3 0.736458 0.307639 0.037500 0.034722
3 0.694271 0.380208 0.038542 0.035417
3 0.759896 0.367014 0.051042 0.045139
3 0.803646 0.506944 0.045833 0.066667
3 0.800521 0.555556 0.037500 0.065278
3 0.893490 0.505208 0.056771 0.043750
3 0.236979 0.460069 0.059375 0.061806
3 0.045573 0.478819 0.047396 0.071528
3 0.328385 0.423264 0.029687 0.047917
3 0.305729 0.264236 0.041667 0.089583
3 0.373958 0.147917 0.041667 0.040278
3 0.156250 0.132986 0.036458 0.040972
1 0.059635 0.236111 0.031771 0.062500
1 0.016406 0.330556 0.031771 0.059722
3 0.226302 0.238194 0.030729 0.025000
3 0.537500 0.323958 0.041667 0.053472
3 0.794531 0.267708 0.048438 0.029861
3 0.788802 0.231944 0.033854 0.045833
3 0.660156 0.112500 0.056771 0.051389
3 0.733594 0.046875 0.040104 0.028472
3 0.645833 0.063542 0.028125 0.036806
