0 0.465104 0.475000 0.086458 0.059722
0 0.617708 0.462500 0.085417 0.093056
1 0.379948 0.396528 0.049479 0.055556
1 0.604688 0.353125 0.032292 0.057639
3 0.358073 0.611111 0.020313 0.045833
3 0.376042 0.618750 0.023958 0.033333
3 0.414323 0.687500 0.029687 0.052778
3 0.532031 0.690972 0.050521 0.027778
3 0.751563 0.623264 0.039583 0.042361
3 0.660677 0.704861 0.051562 0.041667
3 0.562240 0.708681 0.043229 0.038194
3 0.329948 0.860764 0.047396 0.034028
3 0.305990 0.929514 0.041146 0.047917
3 0.171875 0.886806 0.054167 0.080556
3 0.134635 0.861111 0.048438 0.080556
3 0.095312 0.783681 0.045833 0.045139
3 0.064062 0.890972 0.046875 0.054167
3 0.045312 0.745833 0.044792 0.054167
3 0.112240 0.520139 0.053646 0.037500
3 0.385937 0.442361 0.044792 0.025000
3 0.245312 0.422222 0.028125 0.027778
3 0.255208 0.847917 0.041667 0.031944
3 0.646615 0.945486 0.039062 0.036806
3 0.540365 0.983681 0.036979 0.032639
3 0.866146 0.639236 0.055208 0.049306
3 0.971354 0.618056 0.057292 0.040278
3 0.865365 0.516319 0.042188 0.025694
3 0.857292 0.359375 0.040625 0.045139
3 0.951823 0.401736 0.039062 0.043750
3 0.822656 0.211458 0.036979 0.032639
3 0.861719 0.263889 0.031771 0.026389
3 0.518229 0.226389 0.051042 0.047222
3 0.288802 0.176042 0.025521 0.020139
3 0.326042 0.224306 0.034375 0.029167
3 0.245833 0.219097 0.028125 0.024306
3 0.267188 0.298611 0.046875 0.031944
3 0.372656 0.291667 0.035937 0.029167
3 0.387500 0.142014 0.030208 0.031250
3 0.658333 0.167014 0.027083 0.025694
3 0.762240 0.145139 0.022396 0.029167
3 0.011979 0.979861 0.022917 0.036111
3 0.126562 0.662847 0.022917 0.034028
3 0.741927 0.482986 0.045312 0.039583
