0 0.369792 0.486111 0.081250 0.054167
0 0.539583 0.469444 0.097917 0.063889
1 0.522917 0.359375 0.027083 0.061806
3 0.486719 0.570486 0.028646 0.046528
3 0.673958 0.622569 0.037500 0.049306
3 0.784115 0.634722 0.048438 0.041667
3 0.274740 0.652083 0.042188 0.040278
3 0.222917 0.233333 0.034375 0.038889
3 0.180208 0.184722 0.025000 0.022222
3 0.430208 0.230556 0.048958 0.045833
3 0.879167 0.606597 0.062500 0.025694
3 0.472656 0.722222 0.071354 0.056944
3 0.322135 0.719792 0.045312 0.057639
3 0.293750 0.455556 0.051042 0.051389
3 0.944531 0.498611 0.047396 0.041667
3 0.927865 0.886111 0.059896 0.068056
3 0.769271 0.356597 0.037500 0.035417
3 0.232813 0.921528 0.047917 0.043056
3 0.665625 0.485764 0.041667 0.038194
3 0.675781 0.580903 0.057813 0.039583
3 0.778385 0.517361 0.040104 0.031944
3 0.859375 0.397222 0.041667 0.050000
3 0.969271 0.739236 0.037500 0.050694
3 0.057813 0.955208 0.076042 0.082639
