1 0.493490 0.567708 0.044271 0.093750
3 0.637760 0.614931 0.045312 0.064583
3 0.612240 0.754861 0.039062 0.062500
3 0.922135 0.894097 0.053646 0.099306
3 0.333333 0.874653 0.034375 0.089583
3 0.296615 0.801389 0.073438 0.050000
3 0.275781 0.670139 0.050521 0.055556
3 0.258854 0.457639 0.055208 0.031944
3 0.261979 0.486458 0.026042 0.038194
3 0.427083 0.289931 0.042708 0.038194
3 0.538281 0.194444 0.047396 0.025000
3 0.670312 0.268750 0.051042 0.051389
3 0.659375 0.430903 0.034375 0.029861
3 0.589323 0.498611 0.049479 0.031944
3 0.694792 0.696875 0.034375 0.089583
3 0.494010 0.886111 0.054688 0.072222
3 0.459375 0.975694 0.062500 0.048611
3 0.121615 0.285069 0.053646 0.035417
3 0.122396 0.303472 0.052083 0.034722
3 0.193750 0.164583 0.041667 0.025000
3 0.314844 0.122222 0.047396 0.038889
3 0.325781 0.170486 0.027604 0.049306
3 0.303646 0.182292 0.040625 0.034028
3 0.398177 0.139931 0.047396 0.036806
3 0.406250 0.053472 0.036458 0.037500
3 0.427604 0.092361 0.044792 0.040278
3 0.502083 0.034722 0.020833 0.043056
3 0.596094 0.303819 0.042188 0.034028
3 0.527604 0.368056 0.041667 0.048611
3 0.756771 0.417361 0.029167 0.036111
3 0.791406 0.534722 0.036979 0.025000
3 0.796875 0.569792 0.038542 0.045139
3 0.900000 0.521181 0.055208 0.075694
3 0.960156 0.494097 0.025521 0.042361
3 0.814583 0.319792 0.027083 0.049306
3 0.880990 0.343403 0.045312 0.045139
3 0.953906 0.121181 0.046354 0.042361
3 0.986198 0.160764 0.027604 0.034028
3 0.965625 0.225347 0.045833 0.043750
3 0.890625 0.267708 0.030208 0.038194
3 0.679948 0.221181 0.031771 0.039583
3 0.764323 0.196875 0.059896 0.053472
3 0.083073 0.973611 0.043229 0.052778
3 0.521354 0.690972 0.044792 0.065278
3 0.440104 0.714236 0.069792 0.049306
3 0.342708 0.972917 0.035417 0.027778
