0 0.471615 0.515278 0.081771 0.134722
3 0.480729 0.663889 0.057292 0.040278
3 0.566146 0.647222 0.036458 0.083333
3 0.690625 0.574653 0.042708 0.082639
3 0.980469 0.851042 0.039062 0.109028
3 0.547917 0.840625 0.052083 0.071528
3 0.516146 0.954167 0.063542 0.091667
3 0.382292 0.830556 0.042708 0.083333
3 0.341927 0.740278 0.057813 0.054167
3 0.317708 0.623958 0.041667 0.082639
3 0.293229 0.422917 0.052083 0.069444
3 0.453385 0.227778 0.055729 0.037500
3 0.142708 0.237153 0.052083 0.064583
3 0.264323 0.247569 0.056771 0.034028
3 0.203646 0.314931 0.052083 0.039583
3 0.132812 0.950694 0.048958 0.065278
3 0.046354 0.384028 0.031250 0.048611
3 0.059115 0.417708 0.047396 0.032639
3 0.566667 0.309375 0.048958 0.065972
3 0.717708 0.210764 0.038542 0.049306
3 0.864844 0.271875 0.040104 0.065972
3 0.913802 0.344792 0.034896 0.061806
3 0.849740 0.507986 0.045312 0.088194
3 0.827865 0.356597 0.047396 0.039583
3 0.657813 0.463889 0.082292 0.077778
3 0.667448 0.710417 0.029687 0.061111
3 0.662500 0.833333 0.045833 0.088889
