2 0.470833 0.604167 0.054167 0.052778
1 0.507552 0.627083 0.028646 0.061111
0 0.497917 0.704514 0.125000 0.109028
1 0.355469 0.598264 0.064062 0.046528
1 0.444792 0.519097 0.061458 0.059028
3 0.076563 0.842361 0.035417 0.072222
3 0.185156 0.738194 0.038021 0.058333
3 0.184635 0.828819 0.055729 0.039583
3 0.055469 0.913542 0.050521 0.052083
3 0.091667 0.923611 0.047917 0.055556
3 0.203125 0.615278 0.060417 0.061111
3 0.810156 0.861111 0.050521 0.109722
3 0.845573 0.731250 0.046354 0.051389
3 0.797396 0.641667 0.069792 0.047222
3 0.675000 0.488889 0.080208 0.063889
3 0.560417 0.461111 0.035417 0.040278
3 0.662240 0.751389 0.057813 0.087500
3 0.735938 0.914583 0.038542 0.041667
3 0.800781 0.976736 0.060937 0.046528
3 0.477865 0.946875 0.033854 0.061806
3 0.484896 0.982639 0.048958 0.034722
3 0.457292 0.827083 0.056250 0.054167
3 0.288802 0.798611 0.064062 0.038889
3 0.291146 0.847222 0.051042 0.058333
3 0.589844 0.650694 0.044271 0.052778
3 0.625781 0.567361 0.041146 0.041667
3 0.842969 0.446528 0.038021 0.030556
3 0.933073 0.488542 0.043229 0.034028
3 0.068750 0.535417 0.048958 0.069444
3 0.083594 0.763542 0.054688 0.049306
3 0.240885 0.761806 0.036979 0.056944
3 0.142708 0.598958 0.060417 0.038194
3 0.131510 0.543750 0.020313 0.041667
3 0.112240 0.393750 0.083854 0.130556
3 0.654687 0.387153 0.052083 0.065972
3 0.733854 0.361806 0.041667 0.051389
3 0.795052 0.379861 0.029687 0.031944
3 0.794271 0.465972 0.034375 0.037500
3 0.742708 0.807292 0.061458 0.072917
3 0.605729 0.986806 0.058333 0.026389
3 0.119010 0.987500 0.054688 0.025000
3 0.221875 0.862153 0.041667 0.081250
