1 0.555208 0.419444 0.022917 0.087500
3 0.699479 0.940972 0.039583 0.079167
3 0.282552 0.792708 0.022396 0.088194
3 0.356510 0.575347 0.045312 0.042361
3 0.430208 0.590278 0.045833 0.044444
3 0.481510 0.685764 0.050521 0.047917
3 0.546875 0.579514 0.038542 0.038194
3 0.567708 0.673611 0.041667 0.058333
3 0.712760 0.595833 0.043229 0.075000
3 0.822656 0.395139 0.064062 0.056944
3 0.905729 0.451736 0.062500 0.047917
3 0.909635 0.631944 0.050521 0.038889
3 0.915885 0.589236 0.063021 0.050694
3 0.797917 0.538889 0.031250 0.040278
3 0.820312 0.530208 0.034375 0.043750
3 0.844531 0.487153 0.065104 0.056250
3 0.643750 0.437500 0.051042 0.036111
3 0.229948 0.578125 0.058854 0.054861
3 0.040365 0.285417 0.046354 0.077778
3 0.260677 0.158681 0.043229 0.042361
3 0.254688 0.475694 0.019792 0.065278
3 0.025260 0.846528 0.049479 0.043056
3 0.351562 0.728125 0.041667 0.049306
3 0.045573 0.643403 0.042188 0.047917
3 0.233594 0.651042 0.038021 0.061806
3 0.721094 0.300694 0.042188 0.063889
3 0.841927 0.262500 0.050521 0.051389
3 0.456510 0.106250 0.022396 0.044444
3 0.353125 0.064583 0.041667 0.023611
