3 0.673177 0.434028 0.095312 0.045833
3 0.692187 0.849653 0.048958 0.089583
3 0.485417 0.865278 0.037500 0.045833
3 0.549740 0.717014 0.044271 0.054861
3 0.635677 0.696181 0.057813 0.040972
3 0.717448 0.660417 0.057813 0.077778
3 0.901823 0.676042 0.075521 0.047917
3 0.813802 0.843056 0.028646 0.050000
3 0.773698 0.853125 0.055729 0.040972
3 0.728646 0.847222 0.038542 0.077778
3 0.819792 0.914583 0.039583 0.058333
3 0.929688 0.916319 0.065625 0.049306
3 0.536719 0.801736 0.047396 0.042361
3 0.560156 0.757292 0.039062 0.039583
3 0.610938 0.767014 0.033333 0.043750
3 0.683333 0.765972 0.031250 0.048611
3 0.422656 0.422222 0.070312 0.045833
3 0.431771 0.163194 0.167708 0.250000
3 0.928646 0.366319 0.081250 0.103472
3 0.798698 0.363889 0.165104 0.177778
3 0.374219 0.800347 0.167187 0.118750
3 0.148698 0.108333 0.067187 0.023611
