0 0.555208 0.551389 0.096875 0.088889
0 0.398698 0.566319 0.093229 0.079861
2 0.446354 0.494097 0.066667 0.065972
1 0.545312 0.442708 0.032292 0.061806
3 0.907813 0.687500 0.057292 0.036111
3 0.798438 0.713194 0.050000 0.040278
3 0.685156 0.696528 0.047396 0.054167
3 0.685677 0.660069 0.029687 0.035417
3 0.468750 0.793750 0.039583 0.030556
3 0.498437 0.808333 0.039583 0.040278
3 0.595833 0.801736 0.047917 0.040972
3 0.342448 0.793750 0.028646 0.062500
3 0.296875 0.727083 0.038542 0.044444
3 0.246094 0.987500 0.041146 0.025000
3 0.269792 0.833333 0.031250 0.026389
3 0.229167 0.285764 0.031250 0.042361
3 0.265365 0.334375 0.032813 0.035417
3 0.455208 0.325000 0.045833 0.045833
3 0.783854 0.437500 0.048958 0.030556
3 0.796615 0.591667 0.035937 0.037500
3 0.674219 0.569792 0.040104 0.038194
3 0.876042 0.471528 0.035417 0.040278
3 0.969792 0.572917 0.052083 0.045833
3 0.950260 0.971528 0.058854 0.055556
3 0.985156 0.817361 0.027604 0.041667
3 0.504167 0.643403 0.025000 0.057639
3 0.528385 0.625347 0.025521 0.029861
3 0.183854 0.330903 0.038542 0.029861
3 0.229167 0.508681 0.031250 0.047917
3 0.319010 0.538889 0.044271 0.036111
3 0.034115 0.645833 0.051562 0.040278
3 0.039844 0.797569 0.036979 0.036806
3 0.546615 0.195486 0.026562 0.031250
