3 0.395833 0.465278 0.060417 0.036111
3 0.909375 0.767014 0.055208 0.082639
3 0.934375 0.942361 0.045833 0.056944
3 0.781771 0.854167 0.065625 0.059722
3 0.233333 0.715278 0.055208 0.036111
3 0.477344 0.645486 0.057813 0.067361
3 0.517448 0.451389 0.043229 0.044444
3 0.591927 0.470139 0.036979 0.033333
3 0.716927 0.456250 0.046354 0.034722
3 0.683073 0.370139 0.046354 0.044444
3 0.784115 0.314236 0.040104 0.035417
3 0.954948 0.273958 0.071354 0.036806
3 0.840885 0.190625 0.040104 0.042361
3 0.906771 0.339236 0.053125 0.032639
3 0.879427 0.462153 0.067187 0.064583
3 0.954167 0.410417 0.038542 0.050000
3 0.968490 0.385764 0.036979 0.056250
3 0.221615 0.520833 0.036979 0.052778
3 0.409115 0.529167 0.048438 0.051389
3 0.156510 0.199653 0.043229 0.082639
3 0.266927 0.175000 0.039062 0.055556
3 0.352344 0.084722 0.036979 0.055556
3 0.443490 0.109375 0.045312 0.029861
3 0.431771 0.238889 0.045833 0.047222
3 0.096354 0.725000 0.052083 0.047222
3 0.252083 0.277778 0.068750 0.044444
3 0.047135 0.267014 0.056771 0.047917
