3 0.663889 0.732031 0.075000 0.073438
3 0.244444 0.823958 0.063889 0.061458
3 0.325694 0.858854 0.070833 0.053125
3 0.400347 0.859896 0.089583 0.055208
3 0.466319 0.878125 0.050694 0.044792
3 0.697569 0.929167 0.099306 0.059375
3 0.535069 0.906250 0.052083 0.039583
3 0.761806 0.884375 0.061111 0.085417
3 0.942361 0.867188 0.101389 0.055208
3 0.872222 0.960417 0.126389 0.079167
3 0.790625 0.720833 0.110417 0.046875
3 0.931944 0.734115 0.080556 0.079687
3 0.567708 0.770052 0.081250 0.071354
3 0.467014 0.689323 0.052083 0.043229
3 0.520833 0.708073 0.061111 0.061979
3 0.515278 0.582552 0.069444 0.029687
3 0.580208 0.433333 0.086806 0.050000
3 0.755556 0.414062 0.059722 0.037500
3 0.669792 0.465625 0.049306 0.038542
3 0.878472 0.490625 0.056944 0.039583
3 0.089236 0.622396 0.082639 0.031250
3 0.094792 0.748958 0.090972 0.054167
3 0.031944 0.742448 0.047222 0.036979
3 0.106944 0.821875 0.094444 0.053125
3 0.247917 0.772396 0.059722 0.062500
3 0.298264 0.368750 0.100694 0.044792
3 0.310417 0.464583 0.087500 0.040625
3 0.461458 0.545312 0.040972 0.038542
3 0.446528 0.652604 0.081944 0.044792
3 0.579167 0.257292 0.058333 0.036458
3 0.522917 0.327865 0.065278 0.026562
3 0.292014 0.194531 0.056250 0.035937
3 0.078125 0.182031 0.047917 0.023438
3 0.089236 0.351042 0.085417 0.053125
3 0.152431 0.378906 0.060417 0.036979
3 0.885764 0.171615 0.056250 0.034896
