3 0.484896 0.678125 0.114583 0.095139
3 0.882812 0.819792 0.041667 0.049306
3 0.864583 0.862153 0.043750 0.054861
3 0.915365 0.861806 0.043229 0.051389
3 0.894792 0.940972 0.038542 0.083333
3 0.842969 0.979167 0.066146 0.038889
3 0.932292 0.934375 0.043750 0.074306
3 0.752604 0.963542 0.052083 0.072917
3 0.531250 0.881250 0.037500 0.065278
3 0.551302 0.875000 0.045312 0.052778
3 0.596094 0.914931 0.077604 0.065972
3 0.482292 0.957639 0.034375 0.059722
3 0.524219 0.971875 0.040104 0.056250
3 0.289844 0.728125 0.043229 0.038194
3 0.203906 0.851389 0.043229 0.056944
3 0.340365 0.852431 0.040104 0.075694
3 0.354687 0.921875 0.047917 0.084028
3 0.339062 0.721875 0.034375 0.038194
3 0.423958 0.702083 0.042708 0.037500
3 0.418490 0.798958 0.060937 0.059028
3 0.474740 0.818403 0.054688 0.059028
3 0.634896 0.729514 0.038542 0.043750
3 0.758594 0.761111 0.040104 0.083333
3 0.316146 0.397222 0.059375 0.093056
3 0.213542 0.598611 0.054167 0.041667
3 0.279427 0.531597 0.078646 0.064583
3 0.493229 0.573264 0.083333 0.068750
