3 0.260937 0.400694 0.030208 0.037500
3 0.721615 0.758333 0.036979 0.061111
3 0.775000 0.744097 0.055208 0.072917
3 0.782552 0.835417 0.075521 0.113889
3 0.950781 0.865278 0.043229 0.065278
3 0.903385 0.892361 0.034896 0.055556
3 0.939063 0.970486 0.067708 0.059028
3 0.614323 0.885069 0.049479 0.085417
3 0.473438 0.823264 0.037500 0.072917
3 0.357031 0.636806 0.043229 0.034722
3 0.557552 0.542708 0.027604 0.034028
3 0.665625 0.583333 0.056250 0.054167
3 0.807292 0.471875 0.023958 0.045139
3 0.405729 0.253125 0.032292 0.035417
3 0.353906 0.399306 0.040104 0.037500
3 0.263802 0.589236 0.047396 0.061806
3 0.105469 0.817014 0.078646 0.039583
3 0.444010 0.367361 0.021354 0.041667
3 0.520052 0.386111 0.039062 0.036111
3 0.530990 0.404167 0.036979 0.031944
3 0.525260 0.552431 0.043229 0.047917
3 0.703906 0.535417 0.036979 0.061111
3 0.802604 0.538194 0.047917 0.073611
