3 0.700260 0.867014 0.082812 0.106250
3 0.886198 0.712500 0.041146 0.086111
3 0.871875 0.553472 0.058333 0.140278
3 0.836458 0.387847 0.231250 0.178472
3 0.467969 0.852431 0.347396 0.295139
3 0.416667 0.445139 0.064583 0.036111
3 0.568750 0.544444 0.132292 0.211111
3 0.227865 0.598611 0.031771 0.041667
3 0.148177 0.135764 0.053646 0.043750
3 0.452604 0.279861 0.061458 0.045833
3 0.586198 0.172222 0.051562 0.065278
3 0.380208 0.481250 0.033333 0.040278
3 0.396615 0.547569 0.021354 0.038194
3 0.309635 0.548611 0.033854 0.031944
3 0.105729 0.942361 0.034375 0.069444
3 0.284896 0.217361 0.053125 0.047222
