0 0.451562 0.428472 0.110417 0.144444
3 0.677865 0.663194 0.027604 0.065278
3 0.777604 0.606250 0.030208 0.087500
3 0.533594 0.801389 0.038021 0.086111
3 0.285938 0.674306 0.079167 0.069444
3 0.326562 0.762153 0.046875 0.100694
3 0.340104 0.881944 0.041667 0.063889
3 0.480469 0.938194 0.064062 0.097222
3 0.301563 0.961111 0.038542 0.077778
3 0.252604 0.955556 0.034375 0.079167
3 0.457031 0.588194 0.064062 0.051389
3 0.275521 0.534722 0.066667 0.075000
3 0.252344 0.297569 0.059896 0.029861
3 0.645312 0.379861 0.038542 0.031944
3 0.727083 0.321875 0.041667 0.039583
3 0.900521 0.215278 0.042708 0.055556
3 0.970052 0.251042 0.046354 0.043750
3 0.938281 0.359722 0.039062 0.063889
3 0.883073 0.427778 0.032813 0.040278
3 0.890365 0.469444 0.029687 0.051389
3 0.741146 0.154514 0.045833 0.045139
3 0.831510 0.090278 0.040104 0.040278
3 0.106510 0.123264 0.045312 0.070139
3 0.240365 0.145833 0.041146 0.027778
3 0.317708 0.030903 0.036458 0.032639
