3 0.839844 0.851042 0.063021 0.070139
3 0.784115 0.751042 0.067187 0.056250
3 0.655208 0.584028 0.059375 0.031944
3 0.776302 0.566667 0.044271 0.044444
3 0.675521 0.439583 0.040625 0.040278
3 0.658073 0.887847 0.071354 0.086806
3 0.918750 0.898958 0.054167 0.070139
3 0.726302 0.935417 0.036979 0.076389
3 0.911458 0.592708 0.039583 0.043750
3 0.772396 0.485417 0.045833 0.051389
3 0.155469 0.871875 0.038021 0.059028
3 0.055729 0.903125 0.067708 0.061806
3 0.042188 0.645833 0.030208 0.047222
3 0.119010 0.722222 0.070312 0.038889
3 0.183073 0.729861 0.034896 0.041667
3 0.202083 0.823264 0.055208 0.045139
3 0.576562 0.772569 0.029167 0.031250
3 0.807292 0.964931 0.056250 0.070139
3 0.543750 0.574306 0.044792 0.055556
3 0.530469 0.647917 0.044271 0.047222
3 0.616927 0.686458 0.053646 0.060417
3 0.911458 0.533681 0.038542 0.045139
3 0.274740 0.929167 0.074479 0.055556
3 0.272917 0.981944 0.080208 0.036111
3 0.428125 0.963889 0.080208 0.065278
3 0.158594 0.971528 0.065104 0.056944
3 0.105729 0.545833 0.043750 0.029167
3 0.074740 0.580556 0.029687 0.031944
3 0.103125 0.498264 0.044792 0.045139
3 0.063542 0.507292 0.035417 0.086806
1 0.419531 0.640625 0.052604 0.065972
1 0.498958 0.752083 0.035417 0.069444
2 0.453646 0.726042 0.061458 0.057639
0 0.475000 0.830903 0.132292 0.109028
1 0.332552 0.719097 0.056771 0.039583
