3 0.663021 0.536806 0.046875 0.044444
3 0.907813 0.539931 0.035417 0.049306
3 0.912240 0.714236 0.030729 0.070139
3 0.928646 0.465972 0.042708 0.081944
3 0.797656 0.240625 0.049479 0.043750
3 0.818229 0.586806 0.040625 0.037500
3 0.568490 0.315972 0.048438 0.051389
3 0.566146 0.429514 0.030208 0.050694
3 0.705729 0.255208 0.030208 0.043750
3 0.813281 0.035417 0.045312 0.061111
3 0.690885 0.017014 0.026562 0.022917
3 0.936979 0.087153 0.035417 0.049306
3 0.736458 0.364583 0.035417 0.034722
3 0.880729 0.167014 0.079167 0.057639
