0 0.618117 0.462895 0.149201 0.135036
0 0.370337 0.065693 0.119005 0.109489
0 0.065719 0.055961 0.075784 0.077859
0 0.198342 0.026764 0.063943 0.038929
0 0.269390 0.052311 0.056838 0.065693
1 0.076377 0.245134 0.099467 0.091241
2 0.632031 0.094282 0.025459 0.040146
0 0.397276 0.600365 0.074600 0.081509
2 0.288040 0.527372 0.046773 0.045012
1 0.471877 0.772506 0.027235 0.048662
1 0.169923 0.566910 0.030787 0.043796
1 0.274719 0.874696 0.027235 0.041363
1 0.149201 0.063260 0.092362 0.087591
0 0.654825 0.022506 0.058022 0.042579
1 0.596507 0.110097 0.046773 0.047445
