0 0.624334 0.459246 0.136767 0.115572
0 0.396684 0.596715 0.068680 0.083942
1 0.072824 0.247567 0.097099 0.083942
0 0.388396 0.235401 0.075784 0.093674
1 0.600059 0.105839 0.045589 0.051095
1 0.473653 0.771290 0.026051 0.046229
1 0.275311 0.878345 0.023683 0.038929
1 0.170811 0.570560 0.036116 0.034063
0 0.286856 0.531630 0.047957 0.043796
0 0.653049 0.021290 0.065127 0.040146
0 0.372410 0.067518 0.112493 0.108273
0 0.063647 0.052311 0.084665 0.080292
1 0.145648 0.063869 0.086442 0.071776
0 0.194790 0.021290 0.078153 0.040146
0 0.265542 0.041363 0.056246 0.068127
2 0.634991 0.093066 0.032564 0.042579
