0 0.623150 0.466545 0.145056 0.122871
0 0.398165 0.603406 0.075192 0.082725
1 0.286264 0.525547 0.045589 0.043796
1 0.276199 0.875912 0.024275 0.034063
1 0.473949 0.773723 0.032564 0.046229
1 0.171107 0.567518 0.029603 0.040146
0 0.390764 0.237226 0.068680 0.085158
1 0.074304 0.248175 0.085850 0.082725
1 0.026643 0.322384 0.052102 0.038929
0 0.066311 0.044404 0.105388 0.086375
1 0.146240 0.063869 0.103020 0.081509
0 0.369745 0.059002 0.111901 0.113139
0 0.268502 0.045012 0.056246 0.087591
0 0.195678 0.025547 0.069272 0.048662
1 0.598875 0.105231 0.042037 0.059611
0 0.659562 0.029197 0.073416 0.055961
2 0.643872 0.094891 0.043221 0.038929
