0 0.483363 0.584331 0.178847 0.193689
0 0.720143 0.794886 0.160428 0.162133
0 0.082591 0.239935 0.102198 0.159956
0 0.066251 0.362894 0.125371 0.214363
0 0.187166 0.243199 0.114082 0.153428
0 0.286690 0.137106 0.054070 0.047878
2 0.568627 0.705114 0.028520 0.026115
1 0.334819 0.168662 0.062389 0.063112
1 0.044563 0.556583 0.087938 0.103373
1 0.141414 0.924918 0.038027 0.041349
1 0.289661 0.883025 0.071895 0.051143
2 0.320261 0.849837 0.023767 0.039173
0 0.639335 0.177367 0.144979 0.252448
0 0.762032 0.216540 0.138443 0.132753
0 0.903743 0.194233 0.106952 0.118607
1 0.767677 0.282916 0.066548 0.060936
0 0.853238 0.269859 0.053476 0.071817
1 0.693405 0.396083 0.055853 0.050054
0 0.777184 0.492927 0.039216 0.056583
2 0.655971 0.433624 0.028520 0.035909
2 0.734700 0.385201 0.019608 0.043526
0 0.438206 0.961915 0.098039 0.076170
