0 0.478610 0.577802 0.194296 0.178455
0 0.730244 0.797062 0.173500 0.162133
0 0.636364 0.176279 0.143791 0.256801
0 0.763220 0.230141 0.140820 0.085963
1 0.766786 0.279652 0.061200 0.065288
0 0.908200 0.200218 0.117053 0.139282
0 0.848485 0.273123 0.053476 0.056583
1 0.694296 0.394995 0.062389 0.058760
0 0.443850 0.968444 0.111705 0.052231
2 0.568033 0.709467 0.047534 0.034820
2 0.282234 0.880849 0.059418 0.033732
1 0.138443 0.929271 0.042781 0.026115
1 0.049020 0.564200 0.096851 0.116431
0 0.066251 0.345484 0.125371 0.218716
0 0.084670 0.244831 0.092097 0.158868
0 0.186275 0.248096 0.109923 0.171926
1 0.337195 0.178455 0.074272 0.069641
1 0.473559 0.461371 0.036839 0.041349
2 0.736185 0.386289 0.022579 0.043526
0 0.773024 0.489119 0.034462 0.053319
0 0.286690 0.136017 0.058824 0.056583
2 0.322638 0.854189 0.027332 0.028292
