0 0.486037 0.588139 0.235294 0.201306
0 0.725490 0.800871 0.175876 0.145811
0 0.072490 0.356910 0.143791 0.215452
0 0.152109 0.240479 0.224599 0.150163
1 0.284611 0.206746 0.064171 0.063112
0 0.639335 0.168662 0.147356 0.267682
0 0.729352 0.237758 0.071895 0.116431
0 0.787285 0.211643 0.083185 0.127312
0 0.899287 0.196409 0.115865 0.131665
1 0.696970 0.396083 0.064171 0.060936
2 0.735294 0.384113 0.031491 0.045702
0 0.852347 0.276387 0.050505 0.050054
1 0.039513 0.550598 0.077837 0.097933
0 0.441474 0.966268 0.099822 0.063112
1 0.139335 0.929815 0.048128 0.059848
0 0.775401 0.484766 0.047534 0.064200
0 0.287285 0.139826 0.049317 0.042437
2 0.571301 0.707835 0.036245 0.031556
2 0.297980 0.866159 0.096851 0.080522
