2 0.727764 0.879397 0.027644 0.052764
2 0.638221 0.885050 0.025240 0.033920
2 0.915264 0.972990 0.063702 0.054020
0 0.557091 0.613065 0.150240 0.143216
1 0.471154 0.763191 0.042067 0.051508
1 0.268329 0.864322 0.041466 0.037688
1 0.166166 0.548367 0.035457 0.043970
1 0.060998 0.214824 0.084736 0.082915
1 0.128305 0.038945 0.096755 0.072864
1 0.014123 0.295226 0.027043 0.047739
1 0.665565 0.121231 0.048678 0.046482
2 0.628005 0.057789 0.026442 0.037688
1 0.567007 0.110553 0.031851 0.040201
2 0.674579 0.310302 0.036659 0.040201
2 0.502704 0.351131 0.036659 0.046482
0 0.388822 0.217965 0.070913 0.086683
0 0.384315 0.599874 0.085938 0.111809
0 0.214844 0.084799 0.102764 0.167085
0 0.054387 0.032035 0.089543 0.056533
0 0.143029 0.315327 0.114183 0.080402
0 0.391226 0.035804 0.078125 0.061558
0 0.432692 0.057789 0.040865 0.113065
