0 0.382212 0.595477 0.086538 0.108040
0 0.558594 0.611181 0.146034 0.141960
0 0.513221 0.457915 0.049279 0.079146
1 0.062500 0.214824 0.085337 0.092965
1 0.015925 0.293342 0.030649 0.038945
0 0.212440 0.087312 0.099159 0.169598
0 0.054988 0.032663 0.083534 0.060302
0 0.385517 0.040201 0.071514 0.070352
0 0.435697 0.058417 0.042067 0.114322
1 0.662560 0.116834 0.045072 0.067839
2 0.630709 0.054020 0.028245 0.042714
2 0.912260 0.966709 0.051683 0.066583
1 0.470252 0.763191 0.047476 0.056533
1 0.264724 0.864322 0.029447 0.037688
1 0.161959 0.550879 0.031851 0.041457
2 0.304688 0.484296 0.027644 0.043970
2 0.673978 0.307161 0.042668 0.051508
2 0.500601 0.350503 0.026442 0.027638
0 0.388221 0.208543 0.078125 0.075377
0 0.141526 0.317211 0.099159 0.069095
1 0.565204 0.103643 0.022236 0.036432
2 0.636719 0.885678 0.028245 0.035176
2 0.726863 0.879397 0.024639 0.040201
