0 0.558594 0.625000 0.148438 0.149497
0 0.381611 0.605528 0.081731 0.123116
1 0.062200 0.209171 0.087139 0.101759
0 0.210938 0.085427 0.102163 0.165829
1 0.017428 0.295226 0.033654 0.037688
1 0.162560 0.542085 0.030649 0.043970
1 0.469651 0.760678 0.027043 0.038945
1 0.265024 0.866834 0.033654 0.032663
0 0.664964 0.118090 0.043870 0.050251
2 0.669471 0.305905 0.032452 0.033920
2 0.908654 0.971734 0.058894 0.056533
2 0.499700 0.346734 0.028245 0.035176
0 0.383413 0.206658 0.080529 0.079146
0 0.384615 0.040829 0.064904 0.066583
0 0.435096 0.060930 0.042067 0.119347
2 0.631010 0.059673 0.022837 0.043970
0 0.058894 0.045226 0.092548 0.087940
1 0.140625 0.035176 0.094952 0.067839
1 0.566406 0.103643 0.029447 0.038945
2 0.305889 0.480528 0.022837 0.038945
0 0.511719 0.469221 0.042668 0.048995
0 0.140625 0.316583 0.099760 0.077889
2 0.725962 0.877513 0.019231 0.054020
2 0.636719 0.886307 0.019832 0.026382
