0 0.705426 0.618251 0.151461 0.141469
0 0.454979 0.772678 0.110912 0.072354
0 0.314550 0.205184 0.116279 0.095032
1 0.082290 0.410907 0.102564 0.089633
1 0.171437 0.238121 0.111509 0.100432
0 0.074836 0.220842 0.091234 0.083153
0 0.225403 0.134989 0.146691 0.131749
0 0.084973 0.158747 0.084079 0.056156
1 0.022660 0.490821 0.044126 0.052916
0 0.437686 0.413067 0.077519 0.102592
1 0.180382 0.501080 0.112701 0.077754
1 0.677698 0.266199 0.044723 0.070194
1 0.740012 0.172246 0.059630 0.063715
0 0.658318 0.107451 0.081097 0.102592
0 0.723017 0.091793 0.061419 0.110151
0 0.860763 0.105832 0.079308 0.073434
0 0.813059 0.160907 0.045915 0.060475
0 0.747764 0.356371 0.028623 0.030238
1 0.189624 0.732721 0.039356 0.039957
1 0.009243 0.942765 0.017293 0.021598
1 0.534884 0.941145 0.052475 0.037797
1 0.319917 0.692765 0.055456 0.044276
1 0.349434 0.667387 0.015504 0.021598
2 0.567382 0.539417 0.035182 0.037797
2 0.776386 0.475702 0.021467 0.029158
2 0.714669 0.256479 0.016100 0.042117
1 0.481515 0.329914 0.039952 0.042117
1 0.357782 0.076674 0.053667 0.043197
